2
0
1
3
6
4
9
7
8
5
79
43
71
23
78
81
86
98
14
69
80
51
03
96
67
20
60
61
70
75
68
08
06
34
18
50
76
56
57
15
07
54
13
45
04
32
40
65
02
64
97
01
17
89
10
31
87
05
46
30
41
16
91
19
234
012
468
135
147
432
951
864
345
975
420
579
678
048
543
630
024
765
876
036
654
741
456
210
159
531
789
840
567
987
5432
7654
0123
2345
9876
6543
6420
7531
9630
0369
4567
1357
3456
5678
0246
3210
6789
8765
86420
02468
56789
43210
97531
98765
45678
65432
34567
87654
23456
76543
13579
01234
765432
987654
345678
234567
876543
012345
456789
543210
6543210
8765432
0123456
9876543
3456789
2345678
01234567
23456789
76543210
98765432
876543210
012345678
9876543210
0123456789
00
11
22
33
44
55
66
77
88
99
000
111
222
333
444
555
666
777
888
999
0000
1111
2222
3333
4444
5555
6666
7777
8888
9999
!
@
#
$
%
^
&
*
-
_
=
'
+
/
?
|
~
.
,
!!
@@
##
$$
%%
^^
&&
**
--
__
==
++
//
??
||
\\
~~
..
!!!
@@@
###
$$$
%%%
^^^
&&&
***
---
___
===
+++
:::
///
???
|||
\\\
~~~
...
qwerty
qwert
qwer
qwe
asdfgh
asdfg
asdf
asd
zxcvbn
zxcvb
zxcv
zxc
poiuyt
poiuy
poiu
poi
lkjhgf
lkjhg
lkjh
lkj
mnbvcx
mnbvc
mnbv
mnb
